0.147228    1.95234
0.00350577    285.444
0.0232048    75.2259
0.384409    0.109283
0.0193903    96.8246
0.00877281    223.006
0.00178307    203.573
0.110722    3.47594
0.0121099    162.504
0.00402067    341.411
0.0086065    224.547
0.0971422    4.73941
0.0166493    115.12
0.175967    1.29147
0.00179513    185.916
0.104915    4.0691
0.0110351    171.925
0.00431942    349.497
0.00197363    201.328
0.0100029    184.27
0.115235    3.286
0.00161698    161.295
0.218448    0.720102
0.001477    179.337
0.056634    18.5293
0.283131    0.311864
0.161901    1.55032
0.00165517    205.204
0.00327177    312.148
0.00905431    229.769
0.0351489    43.8376
0.236652    0.551187
0.0450051    28.7174
0.00943439    211.174
0.0852363    6.37994
0.0119399    158.36
0.0048003    334.458
0.00196321    233.256
0.0246752    72.1973
0.149375    1.89324
0.0750576    9.15339
0.208219    0.795369
0.00522783    311.842
0.196301    0.953392
0.00188196    198.401
0.236502    0.585648
0.037807    39.154
0.0172412    107.405
0.0133645    139.501
0.0105174    181.801
0.0671371    11.8281
0.131606    2.41976
0.0566728    18.5528
0.276905    0.374947
0.363805    0.129681
0.00119091    124.651
0.191908    1.05254
0.0158165    120.941
0.144175    1.97773
0.053187    21.1518
0.0362926    41.6207
0.0844329    7.13621
0.0104326    191.807
0.0499537    23.6999
0.00390914    343.794
0.115876    3.26347
0.018354    100.795
0.0969196    5.22114
0.00277567    274.745
0.00326175    268.63
0.00154748    178.34
0.331    0.20572
0.239547    0.55871
0.0159688    122.628
0.0326544    47.5381
0.228603    0.620759
0.0237763    74.0916
0.0802523    8.31834
0.0153759    120.015
0.0552216    19.1529
0.0521837    21.9112
0.40115    0.109076
0.00912936    215.754
0.368729    0.123138
0.223285    0.699265
0.0311465    50.8296
0.028584    57.9223
0.00348035    349.264
0.00214001    218.172
0.343058    0.17831
0.395977    0.107007
0.194354    0.980968
0.223464    0.657506
0.00643878    312.941
0.045585    28.0972
0.00422898    408.993
0.245404    0.486144
0.0397937    35.5808
0.168263    1.39716
0.153531    1.77618
0.211301    0.76725
0.00374583    327.103
0.00473021    378.17
0.0530867    21.2302
0.427565    0.083061
0.00186014    198.663
0.0245581    72.08
0.323637    0.219498
0.0282827    59.0782
0.00425701    377.082
0.206601    0.814115
0.0101269    193.399
0.306745    0.244143
0.0506202    23.1054
0.327657    0.193071
0.040529    34.1976
0.27065    0.401793
0.0528905    21.4115
0.0118334    156.776
0.00314604    268.945
0.111494    3.64094
0.235486    0.580574
0.429001    0.0797974
0.0031905    324.159
0.00120063    140.672
0.232205    0.610817
0.031992    50.4611
0.0470415    26.19
0.00493365    447.875
0.0935439    5.42167
0.0230295    75.8796
0.153562    1.78186
0.00674425    260.515
0.416595    0.0929887
0.00498468    298.987
0.00402782    319.379
0.403628    0.079932
0.422879    0.0679026
0.201343    0.876721
0.00148173    150.919
0.0025676    241.056
0.0329787    47.3841
0.00478988    317.189
0.0065836    290.532
0.0216514    80.8264
0.296013    0.267641
0.00221094    236.356
0.193061    0.994234
0.00166008    185.607
0.00554885    308.283
0.00475888    442.324
0.0127234    149.816
0.0585148    16.5512
0.402887    0.0995663
0.0279196    59.0504
0.0928724    5.4235
0.332675    0.196645
0.00947542    207.782
0.00899072    218.897
0.169206    1.37475
0.0462758    27.3901
0.0104103    184.01
0.212657    0.800076
0.00246216    248.05
0.345927    0.186568
0.00378531    290.3
0.192055    0.998944
0.00292607    344.391
0.00800759    281.84
0.1591    1.59877
0.23778    0.549058
0.191681    1.03434
0.0118744    160.989
0.00382484    341.057
0.00730136    242.183
0.0595352    15.8767
0.0190878    95.6631
0.00230584    225.482
0.00817457    232.419
0.0752803    9.09509
0.301314    0.275625
0.0371577    39.9285
0.0338244    46.3556
0.00156155    183.943
0.180347    1.21075
0.00315169    298.874
0.0151772    127.035
0.00259662    236.424
0.214855    0.728643
0.00304325    392.189
0.0312706    51.1901
0.0256425    67.1729
0.0345801    44.2176
0.00621173    272.807
0.0347392    44.3996
0.00371916    285.819
0.0170407    112.584
0.0816586    7.8619
0.0353031    42.4004
0.0163736    110.836
0.00220782    225.714
0.0336805    46.3352
0.00161734    196.545
0.00464557    312.735
0.0649194    13.2857
0.00376603    399.85
0.170527    1.40195
0.0202712    89.6644
0.0280832    59.662
0.0303475    53.7621
0.395945    0.102262
0.00750676    290.597
0.00986708    196.274
0.00654288    294.158
0.0300945    54.2155
0.172109    1.33312
0.0488069    24.9647
0.00549508    362.602
0.0027128    355.012
0.351191    0.173077
0.115086    3.31156
0.00187254    190.27
0.0260589    65.7664
0.0987488    4.39317
0.00477186    315.091
0.0157759    117.465
0.0315987    50.8255
0.0963663    5.29475
0.00182625    204.227
0.165775    1.44268
0.0658121    13.1053
0.0962828    4.94573
0.00756221    257.676
0.0489568    24.8051
0.00243991    253.691
0.0112944    174.872
0.194453    1.01748
0.00125622    134.911
0.00146091    148.017
0.192778    1.03337
0.110909    3.3875
0.0111918    172.196
0.353275    0.165828
0.0128799    150.895
0.0125512    153.374
0.110091    3.45229
0.0057475    282.463
0.0034167    368.209
0.0075794    303.993
0.00172882    198.505
0.00132453    158.427
0.00465977    334.958
0.02472    70.3839
0.00296463    291.502
0.00255062    322.955
0.284961    0.305884
0.00167171    202.784
0.00229884    279.082
0.0117146    174.204
0.00121366    149.35
0.00204266    209.587
0.36057    0.145004
0.063189    13.8743
0.3876    0.116003
0.00271547    293.471
0.00510911    309.382
0.00334558    271.859
0.0595727    15.8333
0.0148862    125.27
0.0257801    66.6817
0.00360651    379.134
0.35336    0.168742
0.0112031    166.89
0.0629945    14.7959
0.00558313    418.702
0.00378707    292.04
0.0847612    7.26701
0.00879204    233.944
0.0263685    64.8659
0.0181412    103.621
0.00913355    229.116
0.00118648    140.686
0.00729623    260.339
0.00151065    172.441
0.148075    1.86372
0.12471    2.67775
0.0128158    145.769
0.0300892    55.2679
0.00466731    389.02
0.107219    3.7582
0.441605    0.0416357
0.471807    0.0338157
0.0161202    117.814
0.0117637    165.861
0.0569593    18.3458
0.004609    379.456
0.174298    1.33066
0.16361    1.52658
0.266332    0.386732
0.198289    0.95735
0.00647685    278.984
0.00414593    316.443
0.11681    3.12625
0.389845    0.120063
0.105147    4.26686
0.0158219    120.927
0.0887038    6.51455
0.00835075    222.931
0.41162    0.103108
0.0031599    275.025
0.298549    0.260398
0.00372894    296.79
0.00634935    291.239
0.372929    0.118547
0.00194039    246.669
0.315858    0.219508
0.425915    0.0863921
0.476716    0.0627086
0.0014516    161.385
0.0908728    6.00471
0.00142299    174.913
0.0162565    115.665
0.042515    31.6441
0.0505575    22.73
0.0899254    5.87119
0.0354363    42.7578
0.0602163    16.0678
0.0519907    21.7605
0.00240892    264.808
0.26939    0.36476
0.0380388    38.112
0.350729    0.170405
0.0118126    157.431
0.00864406    243.702
0.0260629    67.3972
0.188385    1.08491
0.0556832    19.2609
0.179696    1.21793
0.280109    0.346285
0.00808565    254.997
0.266215    0.400455
0.0202395    91.1094
0.462038    0.0695405
0.0923194    5.73924
0.0012157    147.172
0.0548481    19.5241
0.0565085    18.1482
0.00982502    207.074
0.00198974    261.952
0.0158527    114.705
0.0119791    156.186
0.00984656    188.727
0.00898897    222.376
0.070223    10.6265
0.0329579    47.4114
0.0146896    127.031
0.00308192    320.937
0.0122987    158.837
0.110866    3.67601
0.00496631    334.225
0.00665117    274.319
0.0371638    39.6012
0.00722909    306.851
0.0114054    168.933
0.00468386    319.878
0.254478    0.476123
0.0135134    141.932
0.00990171    199.463
0.0635545    13.5809
0.100649    4.2111
0.21463    0.780626
0.0134541    138.294
0.0135097    140.292
0.138202    2.16793
0.141457    2.06776
0.0172162    106.584
0.0121147    161.802
0.0194576    96.4945
0.25791    0.418302
0.0747491    8.96063
0.31679    0.246858
0.0136657    139.265
0.0258345    66.1206
0.077891    8.31087
0.00957897    193.624
0.00250581    236.647
0.00765714    300.145
0.00307458    387.215
0.00424623    455.731
0.134583    2.29897
0.00777563    280.106
0.0126089    156.672
0.430468    0.0703845
0.475819    0.0583376
0.0193442    96.2257
0.205305    0.844257
0.00125687    156.723
0.00242076    230.395
0.305038    0.241871
0.405952    0.0770164
0.00365917    363.073
0.229207    0.603182
0.0123843    158.049
0.00222339    253.364
0.0083351    262.56
0.00938644    221.06
0.0176126    105.287
0.0984014    4.48034
0.0954896    4.89728
0.0724555    9.73038
0.220452    0.715508
0.0184719    102.318
0.404128    0.104649
0.0027241    349.171
0.0303668    54.3915
0.00844875    226.873
0.38136    0.120902
0.0139155    134.745
0.00131245    156.944
0.010108    207.419
0.29811    0.296838
0.328402    0.215692
0.00293122    263.22
0.018858    95.1362
0.0105022    180.356
0.00700438    260.771
0.104905    3.81966
0.265481    0.414381
0.00521525    318.609
0.0103499    199.191
0.0103626    178.72
0.0446952    28.9907
0.013026    142.765
0.00772745    241.663
0.0222842    80.7151
0.0335274    46.5705
0.0114089    175.856
0.159426    1.6106
0.00994423    199.273
0.00795417    290.915
0.00911793    201.231
0.205812    0.820998
0.432254    0.0536278
0.00448123    338.119
0.0178628    101.855
0.0142074    131.308
0.0106585    176.458
0.0192177    96.5342
0.0632371    13.8614
0.0293094    55.7844
0.00185777    250.639
0.480867    0.0296511
0.139699    2.20164
0.00183345    191.787
0.31878    0.230308
0.00215378    282.259
0.00242529    233.948
0.0374008    39.2786
0.0617064    15.1874
0.00267165    293.104
0.0096041    221.446
0.00212212    214.523
0.0538118    20.4568
0.414228    0.0834738
0.0775204    8.14518
0.00449367    312.162
0.164155    1.50878
0.00225771    247.83
0.378758    0.111072
0.0412176    33.5211
0.00199775    211.125
0.0152512    126.613
0.335279    0.176109
0.326216    0.213681
0.00224823    231.687
0.00460231    351.936
0.140472    2.09535
0.0977888    4.67312
0.0173329    108.579
0.00627711    312.471
0.00963521    206.105
0.00805827    238.223
0.00379528    385.008
0.0877535    6.5773
0.0432827    30.6295
0.00634501    304.076
0.00728531    285.877
0.0126756    155.947
0.186938    1.12247
0.346227    0.171564
0.0194319    92.7724
0.122534    2.96004
0.00205707    215.81
0.323005    0.222888
0.210179    0.828998
0.00279346    314.077
0.0894581    5.91204
0.153451    1.78348
0.0303148    52.7321
0.0249653    69.5957
0.00338773    381.763
0.20925    0.841234
0.00642534    275.573
0.00478313    396.591
0.00403844    321.217
0.175002    1.31874
0.238544    0.531236
0.00142828    166.113
0.0136742    150.494
0.268358    0.410404
0.010289    192.826
0.495174    0.0118091
0.00349932    325.678
0.010634    184.685
0.00192663    246.619
0.00307666    388.375
0.0175314    104.233
0.0221881    81.5639
0.00861048    215.154
0.452937    0.0632355
0.00197206    207.995
0.00359456    330.196
0.319569    0.239791
0.00161381    206.746
0.472616    0.0549913
0.0443455    29.4415
0.00791526    240.702
0.417897    0.0700328
0.00293947    318.075
0.0510526    22.5117
0.105639    4.21646
0.00302682    317.296
0.0467797    26.9909
0.187197    1.1027
0.130823    2.44645
0.00687353    258.975
0.0978256    4.62428
0.10926    3.49203
0.00301354    259.781
0.00261517    297.062
0.0105838    186.421
0.00148476    161.85
0.0215007    83.0196
0.00806484    238.126
0.00302034    273.453
0.0122359    160.071
0.00558734    301.903
0.397998    0.111997
0.00371316    326.171
0.204901    0.851638
0.0205936    91.4938
0.0473968    26.134
0.0076913    239.726
0.403874    0.0981286
0.367853    0.136815
0.377347    0.124543
0.188942    1.06087
0.00220338    219.736
0.00244921    321.29
0.00322824    269.982
0.201308    0.93108
0.0145872    135.143
0.013252    147.915
0.00179541    182.638
0.183058    1.12816
0.0213794    83.7931
0.122324    2.91798
0.0202957    89.616
0.0520663    21.8958
0.0667196    13.0139
0.0067456    296.118
0.421768    0.0822062
0.329584    0.210766
0.0126101    157.409
0.392677    0.114363
0.0295255    54.903
0.056925    18.0433
0.0361038    42.1477
0.279939    0.324878
0.00137864    161.357
0.00211666    205.93
0.189252    1.05362
0.00250676    271.3
0.134815    2.30706
0.315012    0.226922
0.0641675    13.6693
0.117331    3.00721
0.27337    0.345537
0.00329692    283.251
0.171329    1.33397
0.00331094    290.283
0.00260693    284.96
0.0362732    41.1345
0.256611    0.435548
0.174865    1.32095
0.00505473    314.326
0.00785683    242.7
0.390781    0.117036
0.214604    0.734319
0.104514    3.99429
0.00377612    365.161
0.0584272    17.3159
0.00477452    358.441
0.00928443    208.903
0.12027    3.09187
0.0030994    292.306
0.328529    0.192099
0.0360863    41.5531
0.0109215    188.454
0.00580159    393.319
0.213979    0.758278
0.0776146    8.93098
0.0640809    13.3024
0.00609778    289.221
0.00984243    185.753
0.00481688    446.637
0.00400052    363.554
0.0211393    84.8751
0.00508655    450.786
0.0121175    166.451
0.196752    0.98526
0.00320811    363.481
0.0268139    63.3653
0.0185992    98.4481
0.00523333    293.52
0.121151    2.96205
0.00244914    242.69
0.0184308    99.4608
0.00311715    340.447
0.029805    55.3291
0.00503006    303.093
0.00679241    323.885
0.00413052    371.666
0.104315    3.90383
0.00189535    195.6
0.0033993    363.582
0.00205008    195.819
0.0562565    18.8078
0.0102892    201.621
0.125545    2.62025
0.0324049    49.3026
0.00601322    302.881
0.40715    0.100087
0.0243898    70.91
0.0168133    116.58
0.00196499    198.585
0.00140635    166.822
0.00202205    266.747
0.0149081    127.97
0.101199    4.36596
0.231067    0.584562
0.072953    9.66641
0.0723489    10.2587
0.0236139    75.5005
0.00182506    229.723
0.0496514    23.7746
0.0559558    18.6086
0.255995    0.475147
0.0209244    85.4693
0.00555509    313.833
0.00142135    165.089
0.111805    3.32595
0.0369139    40.4185
0.00325608    281.312
0.15771    1.66241
0.00328206    316.406
0.0813496    7.3027
0.134462    2.30364
0.00214659    230.567
0.00330128    323.101
0.0784662    7.93956
0.0283176    58.9549
0.0408226    34.2086
0.0777508    9.01682
0.0304838    52.9846
0.0133589    145.669
0.341569    0.184639
0.0237716    72.3267
0.0231087    75.6241
0.00794335    234.097
0.00156229    165.831
0.0700106    10.8175
0.00660472    328.615
0.0055009    290.328
0.0143213    135.908
0.00929106    235.265
0.0431626    31.0612
0.382069    0.124083
0.00706135    251.565
0.00543138    376.592
0.147497    1.8816
0.00306781    261.242
0.0156269    123.328
0.0133209    141.007
0.0012817    160.13
0.00916982    214.214
0.00215857    273.006
0.0278859    60.3477
0.00172181    210.851
0.266337    0.379305
0.0457213    27.8362
0.128242    2.52274
0.00214909    203.267
0.122793    2.94673
0.00399037    293.098
0.00847054    222.192
0.0678443    12.5058
0.0187015    96.8491
0.00132493    140.999
0.00339414    345.812
0.0102139    191.2
0.0970604    5.04491
0.00981933    202.566
0.180014    1.19842
0.249753    0.51148
0.00209639    215.294
0.00290226    312.807
0.327843    0.209015
0.00378646    393.951
0.0104294    195.282
0.0041372    317.783
0.00300632    262.377
0.281098    0.331791
0.00570736    350.455
0.00774435    267.761
0.027035    64.016
0.00118183    138.848
0.112513    3.5533
0.224323    0.642471
0.00526836    315.926
0.00151809    152.967
0.0106581    181.59
0.00251679    246.856
0.0542355    19.6641
0.0407755    34.3435
0.434824    0.0665337
0.0014197    177.627
0.0154616    118.707
0.0387315    37.0151
0.0363496    41.4075
0.0048835    306.273
0.32118    0.223471
0.239875    0.52231
0.0038593    323.125
0.0477652    25.8559
0.362774    0.132583
0.0102331    192.318
0.0300586    55.1037
0.0205576    88.6886
0.00579685    291.429
0.0269736    63.9596
0.0673879    11.7109
0.133168    2.33895
0.0131164    140.339
0.00276963    344.299
0.494425    0.0359856
0.184575    1.14784
0.0309684    51.8099
0.00327153    306.711
0.0111791    178.785
0.00306783    264.888
0.003053    263.937
0.144208    1.98558
0.181304    1.17402
0.00441668    359.534
0.486258    0.0266249
0.49131    0.0169971
0.0653705    13.1302
0.0111919    175.328
0.0260027    65.5505
0.00222211    293.64
0.00139103    184.283
0.148396    1.85572
0.0162934    117.029
0.0022088    287.987
0.00584827    331.414
0.349093    0.171646
0.00267581    254.692
0.00864678    218.166
0.00423108    294.697
0.09052    5.68168
0.00237415    224.382
0.0639245    14.1616
0.0125615    153.203
0.1121    3.30956
0.0197528    93.6643
0.026495    64.8852
0.107162    3.66611
0.369727    0.121559
0.0056185    339.799
0.00122117    159.014
0.0303935    53.5742
0.315656    0.218818
0.0116211    166.251
0.0136081    144.742
0.0674751    12.0424
0.14808    1.93359
0.0282883    59.5978
0.0165344    116.163
0.037363    39.1057
0.0182587    103.961
0.0175905    110.657
0.102592    4.01449
0.292005    0.287346
0.00757435    252.955
0.0487278    24.6599
0.301542    0.276842
0.0501415    23.6953
0.0396781    35.4936
0.0955308    5.4105
0.0887031    5.71691
0.138343    2.15319
0.233249    0.620404
0.15155    1.79946
0.410403    0.083837
0.250719    0.472416
0.014312    128.27
0.0521471    21.5682
0.00499819    310.637
0.0428458    31.4345
0.263397    0.424554
0.0410927    33.8816
0.0992138    4.91789
0.00654965    285.526
0.473031    0.0297805
0.00371891    435.038
0.100604    4.21046
0.0400337    35.5254
0.0307937    52.0919
0.0098958    191.038
0.125695    2.61471
0.348363    0.179489
0.00226298    224.184
0.0471149    26.4016
0.074525    9.99767
0.202979    0.854485
0.00878996    265.852
0.00484336    316.596
0.0695362    11.2726
0.00682103    331.033
0.0130774    153.969
0.288686    0.292356
0.0724109    10.0166
0.00953124    228.393
0.0140459    134.446
0.109532    3.78627
0.113339    3.55501
0.0253371    69.962
0.337998    0.178489
0.00465329    355.618
0.00391039    299.415
0.0443267    29.4293
0.0231885    78.2909
0.0148884    130.583
0.00736214    240.511
0.0160758    114.051
0.288466    0.317705
0.0851037    6.76669
0.300471    0.27822
0.0306029    53.0848
0.0249935    68.9874
0.0301971    53.783
0.093272    5.27701
0.0102983    178.042
0.0119681    155.752
0.0571823    17.4944
0.102101    4.08898
0.00242998    232.652
0.0582642    17.5424
0.0231402    77.6879
0.0965739    4.98851
0.0502423    23.4689
0.103115    4.12975
0.00409074    367.556
0.00178216    176.01
0.00134721    161.39
0.00515455    312.282
0.0143379    129.292
0.083451    7.44285
0.00619405    284.918
0.0510509    22.5406
0.0786345    8.7974
0.0159665    120.46
0.262468    0.398503
0.0263329    64.9087
0.205087    0.863459
0.00262086    285.081
0.0367669    40.0889
0.0766152    9.23012
0.0515914    22.0304
0.0168947    113.353
0.00121643    151.803
0.00379126    342.794
0.0573005    17.677
0.0276668    60.2041
0.211465    0.810805
0.123439    2.83892
0.0027779    329.509
0.105584    4.22293
0.00327697    268.497
0.262771    0.395598
0.00599506    331.394
0.440391    0.0738396
0.122867    2.8856
0.00691064    319.44
0.0039649    301.284
0.0283709    58.3616
0.00359018    286.365
0.00254484    305.728
0.0725039    10.699
0.0267336    64.7913
0.00130986    151.771
0.105098    4.2688
0.0016475    173.326
0.176111    1.2633
0.313176    0.22812
0.387647    0.11536
0.0550882    19.6103
0.108095    3.96152
0.0343524    44.7933
0.00464262    332.542
0.0367826    40.0674
0.00971428    201.069
0.00155853    174.412
0.0794187    8.42932
0.0023697    244.803
0.20833    0.795681
0.153808    1.77287
0.0892772    6.41039
0.0788979    7.9452
0.432044    0.0721033
0.0915422    5.28636
0.0327291    48.6559
0.118886    3.17768
0.0976225    5.12649
0.00123005    135.12
0.00176085    215.128
0.0758309    9.21574
0.117753    3.22545
0.32214    0.231575
0.268005    0.370829
0.132955    2.44293
0.0632851    14.1333
0.00558626    310.064
0.174434    1.29111
0.00695941    274.301
0.0508849    23.0106
0.186697    1.07339
0.0029211    258.543
0.0800133    7.99573
0.049255    24.166
0.152363    1.76932
0.00434279    320.52
0.0104109    196.909
0.00910799    233.194
0.0834443    6.72899
0.00697999    265.113
0.00737156    250.484
0.00375184    318.381
0.0856994    6.50336
0.030316    53.6976
0.0950117    4.8113
0.00475672    313.644
0.0589564    16.5926
0.138323    2.2375
0.00981167    207.425
0.00234465    243.283
0.416104    0.0660967
0.00215204    252.157
0.0151727    126.964
0.267763    0.384824
0.469533    0.053585
0.469989    0.0471298
0.0192485    94.6138
0.00961055    209.858
0.00372881    311.416
0.0194213    93.7871
0.209672    0.79014
0.0133675    147.838
0.0175181    108.564
0.00855706    219.069
0.0090421    207.919
0.0296245    55.7924
0.232376    0.628339
0.0159927    115.234
0.0454654    28.1972
0.110605    3.77378
0.0670662    12.4788
0.0498763    23.9452
0.309049    0.257769
0.00268064    261.071
0.00421837    388.895
0.00331071    404.576
0.00137168    170.836
0.00517412    310.065
0.17717    1.23752
0.0360412    41.3815
0.00121226    150.812
0.00326493    283.328
0.498864    0.0321624
